# oST version 5.0 parameters


[image]

width
640

height
480

[narrow_stereo/left]

camera matrix
408.583501 0.000000 345.735470
0.000000 408.273463 262.392048
0.000000 0.000000 1.000000

distortion
-0.008742 0.022762 0.001261 -0.001690 0.000000

rectification
0.998822 0.011717 0.047083
-0.011617 0.999930 -0.002392
-0.047108 0.001842 0.998888

projection
450.649002 0.000000 310.536034 0.000000
0.000000 450.649002 256.291130 0.000000
0.000000 0.000000 1.000000 0.000000

# oST version 5.0 parameters


[image]

width
640

height
480

[narrow_stereo/right]

camera matrix
404.596574 0.000000 335.174232
0.000000 404.364299 249.378334
0.000000 0.000000 1.000000

distortion
-0.000098 0.006006 0.001733 -0.000406 0.000000

rectification
0.998707 0.030852 0.040410
-0.030938 0.999520 0.001493
-0.040344 -0.002741 0.999182

projection
450.649002 0.000000 310.536034 -26.968531
0.000000 450.649002 256.291130 0.000000
0.000000 0.000000 1.000000 0.000000

