image_width: 640
image_height: 480
camera_name: narrow_stereo/right
camera_matrix:
  rows: 3
  cols: 3
  data: [404.596574, 0.000000, 335.174232, 0.000000, 404.364299, 249.378334, 0.000000, 0.000000, 1.000000]
distortion_model: plumb_bob
distortion_coefficients:
  rows: 1
  cols: 5
  data: [-0.000098, 0.006006, 0.001733, -0.000406, 0.000000]
rectification_matrix:
  rows: 3
  cols: 3
  data: [0.998707, 0.030852, 0.040410, -0.030938, 0.999520, 0.001493, -0.040344, -0.002741, 0.999182]
projection_matrix:
  rows: 3
  cols: 4
  data: [450.649002, 0.000000, 310.536034, -26.968531, 0.000000, 450.649002, 256.291130, 0.000000, 0.000000, 0.000000, 1.000000, 0.000000]
