%YAML:1.0
---
rotation: !!opencv-matrix
   rows: 3
   cols: 3
   dt: d
   data: [ 9.9991176454372432e-01, -2.3769118993927723e-03,
       -1.3069560699509396e-02, 2.6280911187913608e-03,
       9.9981153281339807e-01, 1.9235175860773172e-02,
       1.3021377197783859e-02, -1.9267826632655433e-02,
       9.9972956072766350e-01 ]
translation: !!opencv-matrix
   rows: 3
   cols: 1
   dt: d
   data: [ -5.1829350770003516e-02, 2.9499296362166049e-04,
       1.4770939125264972e-02 ]
essential: !!opencv-matrix
   rows: 3
   cols: 3
   dt: d
   data: [ -3.4978159281306931e-05, -1.4773839161205482e-02,
       1.0791574235987495e-05, 1.5444525331004100e-02,
       -1.0337481660915627e-03, 5.1622284392609193e-02,
       -4.3117919123428564e-04, -5.1818881465795018e-02,
       -9.9309124836673536e-04 ]
fundamental: !!opencv-matrix
   rows: 3
   cols: 3
   dt: d
   data: [ -4.5941807532845243e-08, -1.9344841591005638e-05,
       3.9837166477926624e-03, 2.0299579966311311e-05,
       -1.3545277993457290e-06, 1.9640542827888029e-02,
       -1.0741878802934148e-02, -5.4006225932152117e-02, 1. ]
