%YAML:1.0
---
cameraMatrix: !!opencv-matrix
   rows: 3
   cols: 3
   dt: d
   data: [ 1.0789196946311240e+03, 0., 9.5742445341616337e+02, 0.,
       1.0781712858485016e+03, 5.0123406247773988e+02, 0., 0., 1. ]
distortionCoefficients: !!opencv-matrix
   rows: 1
   cols: 5
   dt: d
   data: [ 9.2270623869554341e-02, -1.6829747281769325e-01,
       -7.2319263160838055e-03, 2.3989351239842131e-03,
       8.3621958466785801e-02 ]
rotation: !!opencv-matrix
   rows: 3
   cols: 3
   dt: d
   data: [ 1., 0., 0., 0., 1., 0., 0., 0., 1. ]
projection: !!opencv-matrix
   rows: 4
   cols: 4
   dt: d
   data: [ 1.0789196946311240e+03, 0., 9.5742445341616337e+02, 0., 0.,
       1.0781712858485016e+03, 5.0123406247773988e+02, 0., 0., 0., 1.,
       0., 0., 0., 0., 1. ]
