%YAML:1.0
---
cameraMatrix: !!opencv-matrix
   rows: 3
   cols: 3
   dt: d
   data: [ 3.6193112556227703e+02, 0., 2.5587887442958962e+02, 0.,
       3.6304900371602366e+02, 2.0505885447547539e+02, 0., 0., 1. ]
distortionCoefficients: !!opencv-matrix
   rows: 1
   cols: 5
   dt: d
   data: [ 7.3893715381247588e-02, -2.5601963263775324e-01,
       -3.0768420479413655e-03, -1.0503720576303828e-03,
       1.0404502004324494e-01 ]
rotation: !!opencv-matrix
   rows: 3
   cols: 3
   dt: d
   data: [ 1., 0., 0., 0., 1., 0., 0., 0., 1. ]
projection: !!opencv-matrix
   rows: 4
   cols: 4
   dt: d
   data: [ 3.6193112556227703e+02, 0., 2.5587887442958962e+02, 0., 0.,
       3.6304900371602366e+02, 2.0505885447547539e+02, 0., 0., 0., 1.,
       0., 0., 0., 0., 1. ]
