%YAML:1.0
---
depthShift: -2.1258163245024466e+01
